"V1" "V2" "V3" "V4" "V5" "V6" "V7" "V8" "V9" "V10" "V11" "V12" "V13" "V14" "V15" "V16"
14726.9613333333 2692.345 12956.9093333333 9545.84433333333 9961.52 4365.57 21974.4136666667 14762.0763333333 7513.57766666666 2373.832 13813.154 11260.8863333333 1068.161 1484.523 1073.463 1777.146
20924.134 2719.72533333333 10741.4696666667 6928.41099999999 23793.0223333333 4736.17733333333 24902.3106666667 12015.5096666667 55184.4266666667 5056.17566666667 30766.441 13454.2566666667 1344.417 1681.21166666667 2202.07866666667 2042.59266666667
19431.0010000000 1487.91766666667 8909.013 7364.25833333338 15345.311 2552.73566666667 15165.5596666667 12403.7836666667 748514.91 2725.91933333333 19964.3853333333 15476.1853333333 925.178 651.144333333333 1566.172 1501.86266666667
20101.3159999999 1805.26966666667 9639.06 7309.8143333334 16577.2586666667 1754.93966666667 17317.261 12066.8606666667 818701.742666667 3330.36166666667 22144.646 14119.0496666667 904.782666666667 1098.806 1481.993 1436.41833333333
20964.7363333334 1566.571 10148.005 7498.58766666659 16513.1216666667 2560.07033333333 16755.0396666667 12251.7683333333 789911.351 2708.93366666667 22804.3726666667 14980.0426666667 938.191 1049.452 1483.56266666667 1481.22533333333
19629.847 1444.95733333333 9302.07966666666 7175.99600000001 15098.359 2405.29466666667 16209.79 11443.5163333333 768677.801333333 2487.55933333333 21669.1986666667 14001.3406666667 1100.49266666667 1149.13466666667 1005.06166666667 1746.129
19347.4020000001 1591.90266666667 8987.09266666666 7376.43266666662 15471.8136666667 2724.72833333333 15323.116 12378.892 488048.374333333 2806.40633333333 20291.0746666667 15320.3446666667 882.61 1062.19466666667 1439.66666666667 1377.69366666667
17793.06 1556.827 7607.37233333333 7639.97066666668 18488.159 2710.257 15471.3226666667 14562.4913333333 480442.294666667 2810.355 18744.1443333333 17945.906 975.486333333334 1088.292 1566.79066666667 1560.468
15393.4583333333 6951.71233333333 5765.13966666667 7747.2296666667 33691.741 21803.842 13813.3446666667 26949.5123333333 444822.781666667 25251.8723333333 14885.153 31603.593 20367.019 17177.0833333333 11866.9126666667 19049.225
16424.1903333334 1625.87833333333 7327.05333333333 7797.71799999993 25268.943 2898.67566666667 15718.006 22803.5253333333 501031.739333333 2931.689 17613.881 24824.2906666667 1163.02733333333 1294.262 1811.72966666667 1892.722
16747.0593333334 2192.392 6754.57966666667 8835.43899999994 89095.8113333333 2323.34766666667 16428.5676666667 85965.7733333333 856206.592333333 4032.17533333333 16511.9143333333 89723.218 1934.837 2070.195 2794.76833333333 770.381666666667
14591.1769999999 6225.93833333333 5468.52033333333 7678.23433333344 86946.494 8561.035 14066.7356666667 80849.6353333333 757317.642 16673.5373333333 14170.612 85368.6086666667 11744.387 9829.84933333333 9333.222 7707.59166666667
17796.3706666667 1758.55566666667 7284.449 8454.22466666666 23233.8986666667 3092.47833333333 15352.783 20523.54 612072.063333333 3084.893 18043.7373333333 23893.6063333333 1136.56733333333 1274.911 1825.26066666667 1038.456
14421.4626666668 1584.69633333333 6225.67333333333 6839.77766666659 15234.0596666667 2785.72533333333 12070.7163333333 13923.0786666667 878846.584333333 2879.28633333333 13593.6846666667 17179.1446666667 1092.39333333333 738.056 1629.23566666667 1728.487
14273.3266666666 1636.16533333333 6321.51033333334 6056.49766666672 12837.6543333333 2770.37866666667 11168.726 11703.631 842412.156 2827.284 13658.92 13898.44 867.363 630.691 1360.42366666667 1359.51933333333
13576.5840000000 1803.70466666667 5910.184 6044.79733333329 14667.4756666667 1797.592 11345.3503333333 12710.222 801967.226666667 3218.386 13224.079 15374.4083333333 1028.51366666667 754.687333333333 1561.69666666667 1607.44533333333
14349.4180000000 1578.41566666667 6603.70033333334 6418.97600000003 15692.632 2890.527 13264.732 13239.029 764593.62 2961.356 15441.4176666667 14918.8063333333 790.03 989.634333333333 1323.48 1308.02366666667
14835.7976666667 1326.80433333333 6578.07733333333 6446.31066666663 15300.867 2322.948 13122.3536666667 12927.5513333333 764671.286333333 2457.54366666667 15576.3983333333 16196.7716666667 882.949 977.812 1409.35066666667 1348.20833333333
14399.9203333333 1676.399 6549.13766666667 6388.533 13982.7013333333 2822.40233333333 11890.273 12082.8733333333 49435.264 2931.47266666667 14229.765 14862.0483333333 945.424333333333 1076.864 1446.14433333333 1448.28133333333
11041.5443333333 1957.21 8105.579 8328.44666666667 7425.40266666666 3298.08 14003.9836666667 14873.1636666667 5750.73 3031.62366666667 9784.92 10120.3363333333 1079.613 1319.27833333333 1836.36733333333 1835.42833333333
10673.8556666667 1798.081 7850.82033333333 8261.253 7713.07366666667 3049.31233333333 14771.4923333333 16096.2516666667 5222.64866666667 2708.74566666667 8917.57 9340.51566666667 909.472 1125.056 1539.89733333333 1515.08966666667
11958.5943333333 2067.301 7639.28833333333 8005.07633333333 9418.46066666667 3489.74766666667 16168.0823333333 18385.8293333333 5715.61533333333 3001.70233333333 8689.057 9082.56533333333 1079.32966666667 1280.262 1727.38233333333 1774.406
10097.399 2028.372 7788.992 7380.817 7785.52733333334 3418.182 16989.3553333333 14442.4453333333 4993.303 2974.89533333333 8679.50466666667 8270.367 1083.18066666667 1364.62766666667 1875.468 1846.13466666667
9232.024 9214.10733333333 6300.51266666667 6826.966 6179.735 19647.8926666667 11144.688 12723.1143333333 4516.41366666667 9075.054 7019.93933333333 7395.193 7099.80733333333 74708.146 12896.18 14763.6666666667
17067.3703333333 1701.35266666667 14033.937 8771.11 11726.0333333333 2768.514 31486.1753333333 14138.5673333333 8860.55266666667 2689.103 16394.0126666667 11311.3816666667 732.003666666667 925.616333333333 1023.235 1228.849
17919.552 1445.62433333333 12684.482 8663.05166666666 9267.61733333334 2396.348 16126.2696666667 11715.995 8684.733 2260.26866666667 15265.4873333333 11233.001 720.887666666667 883.621 1229.061 1200.75033333333
14447.637 1811.621 10508.1006666667 9483.29133333333 9579.35733333333 2969.47266666667 17390.7536666667 15471.0163333333 7147.98966666666 2789.77133333333 11665.5686666667 11242.9803333333 738.526 969.165 1225.807 1198.33
17188.3446666667 1489.611 12476.153 8427.12133333333 9294.80866666666 2384.99033333333 16646.3783333333 11608.4126666667 8745.81366666667 2334.785 14771.8483333333 11012.493 751.263 597.593666666667 1272.53033333333 1212.576
15187.4256666667 1862.16233333333 9363.80966666666 8270.89233333333 11012.205 3022.96166666667 16227.786 14112.4573333333 9205.59133333333 2944.969 13171.655 12171.7346666667 1099.538 1277.53 664.309333333333 1781.50866666667
18255.1313333333 1624.89066666667 12945.9363333333 9957.45166666667 10009.5323333333 2536.606 17649.1006666667 13830.481 9007.278 2538.26933333333 15055.4193333333 12469.4933333333 844.418333333333 1002.254 1479.72366666667 1421.126
16466.0393333333 1734.19433333333 11484.583 8014.98333333333 9643.06433333334 2785.62933333333 15870.8173333333 11679.749 8340.015 2722.30833333333 14086.1993333333 11133.5673333333 751.381333333333 984.363 1319.84033333333 1251.90033333333
17599.7473333333 2395.05833333333 12716.2796666667 8538.60466666667 9337.28633333333 3884.56133333333 16571.0003333333 11394.032 8735.46466666666 2206.35733333333 15670.8333333333 11169.7646666667 1207.53166666667 1522.003 1113.56666666667 1888.51166666667
16800.9683333333 1779.93166666667 11754.1773333333 9802.10266666666 10247.585 2813.39866666667 17832.5313333333 14841.615 8623.80833333333 2758.60466666667 13832.759 12210.028 811.908333333333 1030.132 1360.07233333333 1364.35833333333
19449.8873333333 1736.19333333333 15744.3256666667 8224.54366666666 8417.89566666667 2647.02266666667 15739.914 9976.16766666667 8759.11866666666 2685.85433333333 16187.419 10529.448 704.858333333333 911.629666666667 1204.96133333333 1144.52366666667
17970.4206666667 1595.35333333333 12349.8693333333 10194.4166666667 10091.1786666667 2656.95066666667 17409.043 13908.0776666667 8397.042 2659.66566666667 14403.4633333333 12684.249 810.428666666667 605.003333333333 1378.48433333333 1352.44066666667
17576.377 1730.082 29106.5643333333 11409.1566666667 8444.19933333333 2660.383 18673.2536666667 13071.044 7121.84766666666 2540.41566666667 14417.5223333333 10730.0543333333 814.036 993.829333333333 1458.98966666667 1394.519
11293.0926666667 2265.11633333333 6960.85533333333 7914.92566666668 8657.82166666667 3826.152 14028.7666666667 18599.1696666667 5736.21333333333 3317.414 8795.081 9774.42166666667 1231.88233333333 1472.54766666667 2034.557 2017.558
9800.983 2437.80933333333 6993.36033333333 8046.28733333334 7527.99466666667 4139.655 13555.2033333333 72367.417 4823.39933333333 3274.03533333333 7745.056 8641.02933333333 1517.633 1851.32033333333 2592.55033333333 2609.32833333333
8566.449 3907.61 6951.75233333333 8116.03866666667 6119.342 6218.35966666667 14573.8486666667 228141.549666667 3590.85766666667 4266.71633333333 6413.30433333333 6860.11166666667 1974.80133333333 2666.684 3380.49466666667 3456.59
9014.76666666668 2676.86133333333 7279.27666666667 7662.76533333332 6983.87666666666 4586.742 16231.9003333333 160571.781 4393.86966666667 2071.449 7795.19233333333 8476.349 1428.467 1841.36766666667 2380.74066666667 2428.24966666667
9107.273 3348.727 6186.124 7514.826 7291.77800000002 5859.10733333333 13171.946 326463.068666667 4380.43266666667 4409.307 6940.623 8319.44733333333 2323.13633333333 2815.37866666667 3624.127 3864.088
9430.15166666668 3310.11533333333 7332.60166666667 7654.09133333332 7686.59666666665 3045.42433333333 19746.048 122355.831 4507.74033333333 4277.59466666667 8026.856 8018.809 1810.06133333333 2510.84566666667 1870.43433333333 3011.09966666667
11091.8873333333 3130.34666666667 4777.743 6054.223 52461.6216666667 6501.26666666667 13919.76 146549.151666667 45809.6333333333 3360.90833333333 13212.04 50371.0183333333 2277.75766666667 2624.03833333333 3063.857 3387.877
8786.28100000002 2753.721 3335.07 4951.71799999999 145925.940333333 6047.64866666667 8262.96466666667 262988.046333333 128628.870333333 6058.669 8252.817 144550.843666667 3379.40833333333 3123.67133333333 3613.52833333333 4414.342
7864.01366666666 2138.387 3024.28066666667 4290.64866666668 87659.523 4219.527 7615.468 112289.282 98053.6173333333 4354.30433333333 7626.18333333333 86590.195 2177.646 2090.11166666667 2626.958 3090.74933333333
9312.87233333333 2691.683 3508.16066666667 4965.46400000002 127658.211333333 5502.56466666667 8580.895 180367.229 121406.102333333 5513.94733333333 8405.27733333333 126778.173 2920.614 2850.705 3362.307 4210.154
8746.76166666663 2407.61966666667 3346.77533333333 4896.67333333335 122084.951666667 5238.635 8846.19933333333 137102.514 118871.915 5025.94966666667 8666.19733333333 120521.638 2498.67166666667 2524.21566666667 2966.808 3431.23466666667
8708.99400000002 2956.21833333333 3317.926 4474.61166666662 114138.165666667 6362.95533333333 8619.42766666667 181658.551333333 103804.968333333 3443.915 8235.68533333333 114737.831333333 2686.772 2922.61133333333 3209.161 3812.83566666667
10403.8630000000 2529.52966666667 4194.65466666667 5652.25266666665 95026.4066666667 5074.91733333333 11528.1546666667 150269.921333333 85068.8053333333 4820.99166666667 11054.634 92266.869 2144.225 2270.29133333333 2812.06666666667 3136.667
13131.53 1805.40466666667 5432.98233333333 6803.703 34711.0146666667 3208.93766666667 12072.695 32713.6926666667 128188.740666667 3284.852 12649.864 34591.0433333333 1831.21466666667 1758.86566666667 673.918666666667 2807.381
10703.783 1725.24733333333 7881.56266666667 8335.017 7364.1 2845.498 15213.0816666667 16766.6203333333 4830.33033333333 2569.942 8257.58866666667 8926.309 780.656666666666 1031.67966666667 1322.747 1355.46866666667
9853.32333333334 1827.687 7783.22866666667 7562.311 8236.616 3155.416 20052.9056666667 16776.7423333333 5132.368 2693.424 8662.13633333333 8531.83166666667 842.602666666666 1059.254 1390.82933333333 1408.812
10576.6043333333 1840.624 7718.612 8146.05966666667 7499.00666666666 3091.65733333333 14665.85 16884.256 4960.94733333334 2771.883 8279.686 8851.97366666667 888.641666666666 682.337666666667 1476.062 1494.88166666667
8349.133 6151.37033333334 5562.44533333333 6875.83133333333 6341.05666666667 13845.1436666667 11955.639 18131.4206666667 5626.929 11377.8036666667 9652.28433333333 13130.423 2684.17133333333 4385.80233333333 4240.30133333333 4621.855
10229.7216666667 2131.82266666667 7250.996 7964.25966666667 7885.72966666667 3498.22433333333 14976.0046666667 18924.1513333333 4915.03166666667 2984.216 8146.04566666667 8767.13666666667 836.157 1122.016 1387.88366666667 1410.36733333333
8307.19066666666 1661.945 7888.56166666667 8093.89266666667 5784.98766666667 2714.17633333333 13926.6636666667 14909.5623333333 3561.24433333333 2325.72933333333 6469.266 6880.09033333333 755.747333333333 705.159333333333 1298.77866666667 1265.40266666667
10310.518 1845.67233333333 7419.75466666667 8083.535 7561.39233333333 3053.729 14567.8996666667 18815.469 5005.87666666667 2717.10366666667 8083.83233333333 8773.09733333333 805.763 1082.051 1398.06333333333 1414.19666666667
9158.81 1506.15833333333 5731.08633333333 6411.70533333333 7875.303 2694.70566666667 13119.8586666667 19026.7626666667 5031.515 2415.71 8030.455 8294.92 844.262 1030.955 1347.92 1373.584
10705.5676666667 1881.60066666667 7982.19566666667 8125.506 7444.04666666667 3107.254 14686.153 15698.8363333333 5088.54066666667 2288.03966666667 8677.35166666667 8937.588 796.745 1002.45266666667 1274.06966666667 1269.70866666667
10779.3356666667 3494.90966666667 8937.18833333333 7250.02633333333 8671.87866666667 6133.046 60105.686 14412.8893333333 6866.121 2992.95333333333 14047.69 11379.3856666667 758.574666666666 1158.781 1304.66566666667 1269.50866666667
7543.61733333334 5523.499 6104.67433333334 6032.82933333332 6506.67533333332 14635.958 101611.242666667 17328.924 4640.278 8717.608 9667.44933333333 9340.00466666667 757.949333333334 1248.335 1296.93366666667 1284.833
4078.724 3256.04566666667 3964.977 3899.01333333334 3192.66633333333 6955.196 78115.7046666667 22563.933 2436.85433333333 4639.21833333333 6247.11533333333 6154.132 693.475333333333 1149.65 1223.243 1188.59466666667
4433.77233333334 3567.252 4604.85333333333 4643.63233333332 3383.94900000000 7513.98933333333 62887.5923333333 20708.0593333333 2639.80733333333 5034.412 6835.81266666667 6766.838 704.071333333333 1167.26666666667 1238.83166666667 1229.28833333333
4032.03733333334 3460.93033333333 3983.00133333333 3890.661 3277.60033333333 9653.58466666667 84577.6316666667 21878.0833333333 2599.101 6132.15933333333 7986.55033333333 7549.77933333333 688.511333333333 1167.12566666667 1212.54666666667 1193.70533333333
3524.45 4074.44766666667 3822.877 4107.20533333333 2460.07900000000 14842.0003333333 9235.11566666667 27630.295 1391.34833333333 2868.17133333333 2807.84466666667 2938.06566666667 1684.64766666667 3865.21066666667 3742.07266666667 3852.879
8043.841 2581.07 49055.559 12881.53 4220.753 3444.084 19226.4756666667 13557.5673333333 2934.498 1679.437 6533.77533333333 5662.56966666667 723.968 1079.049 1337.65 1287.804
3933.11366666667 1987.364 4183.09433333333 4129.818 2764.57466666666 3428.14666666667 10267.0293333333 27650.5193333333 1618.845 2146.18233333333 3057.594 3080.45966666667 785.927666666667 1173.331 1412.83233333333 1412.757
2885.70333333334 2143.95533333333 2614.782 2702.67933333333 2306.81333333333 4116.23233333333 8678.13866666667 28610.2656666667 1394.43833333333 1395.988 2787.36633333333 2830.31133333333 771.513 753.454333333333 1349.973 1363.27866666667
2125.97333333333 2503.49033333333 2572.97966666667 2700.28366666667 1512.54766666667 5700.843 8186.281 25469.9783333333 879.966333333333 1769.929 1795.02533333333 1817.80633333333 807.967666666667 1508.57766666667 1569.244 1629.79966666667
1796.00933333333 1800.59833333333 2042.59666666667 2108.95366666667 1339.54700000000 3837.93733333333 6127.95033333333 33246.1453333333 849.788 981.615 1824.94533333333 1873.69566666667 678.756666666667 1281.77833333333 1348.85766666667 1370.40233333333
1562.81333333333 2004.084 2617.04033333333 2600.58433333333 994.232333333332 3463.021 8006.01466666667 23583.692 606.428666666667 1251.40966666667 1422.28533333333 1377.03433333333 596.192666666667 679.633333333333 1249.52966666667 1277.98433333333
1912.10533333333 1902.924 2172.93433333333 2233.99633333333 1415.38133333333 4476.51366666667 7474.66566666667 33462.7893333333 900.461 1053.858 1914.36566666667 1959.94833333333 666.301333333333 1183.79233333333 1248.59433333333 1245.709
3918.564 1591.20166666667 3153.976 3290.47833333333 3181.802 2803.72166666667 9558.70333333333 25794.723 1763.446 1993.33 3236.29666666667 3194.06733333333 664.441 931.537666666667 1090.114 1090.72233333333
1769.64666666667 1777.17433333333 2279.78133333333 2341.50866666667 1190.87833333334 3179.954 6913.30966666667 26390.018 716.401 1325.079 1520.51733333333 1507.06666666667 558.946 1018.12966666667 1071.01166666667 1114.50566666667
1703.18233333334 2209.484 2585.24066666667 2608.78700000000 1156.14533333333 4589.01066666667 7140.052 31794.572 752.646333333333 933.855333333333 1728.54033333333 1783.887 700.238 831.583 1633.427 1619.863
3033.24066666666 1805.02733333333 2961.086 2957.946 2169.50066666667 3003.53466666667 7921.58333333333 28567.1013333333 1330.57366666667 1849.29066666667 2501.803 2530.81366666667 807.503 697.248333333333 1415.60766666667 1411.21
2197.20733333334 2059.985 2627.85966666667 2707.349 1432.38066666667 3562.60366666667 7821.47166666667 27716.334 866.328 1580.69266666667 1777.17566666667 1806.61866666667 598.249 1066.10966666667 1152.933 1162.07833333333
1638.834 1751.25066666667 2003.57866666667 2038.01666666667 1140.81900000000 3486.22933333333 6310.94266666667 30450.569 694.579333333333 1355.37933333333 1442.803 1470.66233333333 655.982666666667 1222.88466666667 1360.40566666667 1365.969
1658.08733333333 2220.43266666667 1952.987 2259.005 1179.08333333334 8953.95266666667 5110.979 33724.145 718.329666666666 1590.97 1505.51666666667 1604.69566666667 976.879666666667 4038.45466666667 3318.17733333333 4268.68833333333
1917.14633333334 2220.06666666667 2343.26133333333 2266.57666666666 1349.65200000000 7105.21633333333 6927.08466666667 27828.367 810.093 1609.251 1616.078 1636.952 766.347666666667 1463.616 1479.756 1545.30433333333
1635.80533333334 2070.47466666667 1936.83 2233.45200000000 1151.73766666666 8192.36733333333 4983.054 41825.551 725.302666666667 1545.29066666667 1477.15366666667 1583.031 952.928333333332 3473.57733333333 3144.68233333333 3790.692
1559.90233333333 2408.208 2098.676 2566.58366666667 1004.91200000001 7696.604 4773.35 45961.434 624.292333333333 1429.665 1347.51433333333 1572.66633333333 956.085333333333 5293.093 3850.48966666667 3167.462
1667.60933333333 1859.52233333333 2239.66933333333 2286.24300000000 1121.744 3538.75666666667 6847.11566666667 28626.1336666667 699.801 1318.472 1440.04433333333 1477.25166666667 618.195666666667 1144.438 1232.38066666667 1237.39666666667
2032.99566666666 1943.807 2323.339 2450.65633333334 1429.453 3953.19966666667 7064.47166666667 30254.3456666667 930.54 1767.25033333333 1971.889 2017.16266666667 814.250333333333 1561.123 1678.71033333333 990.461333333333
1955.87 1933.56866666667 2119.35233333333 2267.371 1439.30166666667 4615.853 6262.40166666667 35661.0436666667 837.543333333333 1574.90233333333 1671.856 1728.09933333333 985.42 1262.38 2179.09 1369.009
1840.33933333332 2085.30266666667 2508.79966666667 2521.90133333334 1281.40100000000 3907.052 7419.00066666667 30073.2063333333 755.534 1518.31433333333 1664.91533333333 1725.21233333333 812.307666666667 1681.839 1881.76433333333 1882.469
1738.72466666667 2171.056 1831.63766666667 2266.05266666666 1246.96500000000 12973.3996666667 4879.199 57521.9663333333 786.811 1692.42533333333 1579.65266666667 1790.414 1170.00133333333 6706.359 3810.31066666667 7523.019
1728.04033333334 2052.51633333333 2668.03033333333 2781.86799999999 1084.67633333333 3569.23433333333 8020.542 27797.4373333333 734.786666666666 1545.99233333333 1008.572 1783.188 754.247666666667 1574.685 1792.47566666667 1842.19466666667
1855.34 1968.289 2068.04633333333 2073.85666666667 1415.50600000000 5605.40233333333 6728.82966666667 30536.172 871.819 1673.69033333333 1686.99266666667 1787.111 855.015 1776.23833333333 1847.82133333333 1927.91833333333
1713.17000000001 2680.21366666666 2131.82633333333 2508.016 1093.57766666667 20360.6053333333 4758.85466666667 15710.4223333333 685.798666666666 1663.53566666667 1495.04733333333 1619.71933333333 1083.45066666666 17220.2353333333 4619.07166666667 14598.0123333333
2006.70433333334 1868.366 2080.70633333333 2162.02133333333 1484.51066666667 4087.486 6548.38766666667 33062.1456666667 853.376666666667 1621.43066666667 1764.22666666667 1835.794 832.634333333334 1536.78433333333 1600.29933333333 1630.716
1723.793 2358.22833333333 2478.815 2475.73266666666 1164.98733333333 5803.74466666667 7062.62566666667 29069.7423333333 885.173666666666 2564.46933333333 2709.253 2893.942 649.046 1323.78766666667 1429.72633333333 1461.551
1885.29433333334 2151.56233333333 2105.83 2282.57633333333 1353.09600000000 6905.52966666667 6484.188 25160.7263333333 1111.43966666667 1999.75666666667 3412.17333333333 3838.27033333333 650.47 1220.33133333333 1168.71866666667 1231.19
1842.232 2221.90566666667 2376.15933333333 2495.585 1224.24833333333 5040.78 7269.11233333333 30660.2293333333 802.303666666667 1676.34466666667 1763.157 1790.53466666667 810.011 1846.41966666667 1633.57133333333 2036.291
2021.08733333334 2153.06433333333 2118.61333333333 2282.70600000000 1498.61833333333 6147.917 6703.98 27910.8746666667 900.001333333334 1907.287 1941.078 2018.50566666667 1192.956 3171.90166666667 3278.29866666667 1934.86366666667
1919.95633333333 2996.186 2301.30066666667 2327.56 1411.79866666666 2824.81966666667 9264.17633333333 32948.1253333333 877.114666666667 2188.618 1915.799 1950.33033333333 854.500333333333 1909.34933333333 1678.994 1804.66433333333
2204.01833333334 2029.579 2201.17533333333 2201.96833333334 1843.90166666666 6641.30633333333 11547.9056666667 31999.1663333333 1054.94133333333 1942.22266666667 2111.975 2073.05 1087.49266666667 2113.452 2153.114 2223.07233333333
7899.25666666667 2634.256 18639.4486666667 15985.5986666667 4576.20133333333 3733.76933333333 25443.9616666667 18500.0276666667 2924.14933333333 2931.627 6431.25033333333 5982.50333333333 1115.44266666667 1527.49766666667 2051.91933333333 2067.95833333333
3284.52566666666 2531.00166666667 4812.10333333333 4885.33933333333 2110.35300000000 3906.198 10559.09 61022.549 1240.58966666667 2054.553 2602.93066666667 2651.05166666667 926.760666666666 1447.94133333333 1741.726 1732.468
2465.12333333334 3686.556 4164.014 4565.60666666667 1568.24466666666 7128.47533333333 15037.2276666667 137212.452333333 1039.95533333333 2332.07433333333 2420.67766666667 2523.56866666667 1217.15466666667 1916.95433333333 3639.24066666667 3784.67033333333
2484.22766666665 5934.88 5960.48366666667 7475.93866666668 1496.98000000001 13096.4553333333 13271.4976666667 194629.667 888.056666666667 2094.677 2095.062 2250.80733333333 1294.52366666667 6047.70766666667 6180.01666666667 7669.072
2437.90266666667 4629.9300 3468.26033333333 4183.08699999999 1530.63799999999 36404.022 7951.56333333333 29112.2866666667 963.071333333333 2309.92033333333 2056.087 2293.39933333333 1553.41800000000 32527.3676666667 7596.74933333333 29231.125
2196.51166666667 2740.36633333333 2622.77166666667 3023.30033333334 1591.50533333333 8593.73466666667 8118.08966666667 158147.970333333 973.452666666667 1270.49366666667 2206.32966666667 2365.936 1114.96833333333 2612.48533333333 2647.569 2836.35133333333
2945.12900000000 5467.16466666667 5376.77633333333 5504 1908.74033333334 18651.5856666667 16994.104 84805.37 1087.90933333333 2278.262 2303.928 2351.11966666667 1019.60833333333 2085.76766666667 2060.15166666667 2120.91333333333
2587.64133333333 4155.26 3336.44133333333 3420.55733333333 1935.40533333334 3537.31433333333 12007.9833333333 32795.627 1204.334 2721.21433333333 1420.39 2723.54966666667 1154.41433333333 2799.58133333333 2527.98533333333 2625.433
2843.82333333333 3886.97466666667 4015.53033333333 4190.46166666667 1916.52433333333 9099.598 10837.5316666667 47338.466 1135.87966666667 2381.365 2462.05433333333 2540.486 1496.96166666667 4736.10233333333 4904.63366666667 5111.24233333333
3038.09766666667 5794.76066666666 4230.50966666667 4792.73200000001 1901.80766666667 29203.7633333333 8970.61866666667 17219.6303333333 1217.24533333333 2862.01166666667 2562.85866666667 2713.16333333333 1887.60033333333 138616.964333333 9614.643 19381.7923333333
4252.39666666667 5015.52766666667 5837.22366666667 5850.002 2701.86633333333 9160.00666666667 17421.4163333333 41179.6606666667 1612.62433333333 3130.06066666667 3490.15733333333 3479.04766666667 1519.31266666667 2952.055 3159.41266666667 3157.97966666667
3047.25433333334 3706.11566666667 3709.48066666667 3727.01933333333 2190.35566666666 15879.48 12780.3036666667 33730.4506666667 1312.356 2696.58066666667 2798.55 2843.89333333333 1573.579 4406.02366666667 4423.07566666667 4566.32166666667
3115.55033333333 5962.10633333333 6158.60566666666 6131.65766666667 1961.83866666667 14236.9196666667 17655.2836666667 36520.658 1218.644 2720.709 2847.738 2855.683 1559.576 6242.435 6113.96266666667 6241.51633333333
4592.55499999999 5714.63566666667 5564.486 5747.43333333334 3389.70866666667 27228.607 18655.7933333333 43731.051 1954.26366666667 3959.71466666667 4039.98033333333 4155.31133333333 2213.98266666667 5615.23266666667 5633.82033333333 5732.27433333333
2970.39533333334 5822.589 5564.21633333333 5791.85933333334 1814.40533333334 17144.8986666667 14226.2526666667 70878.0433333333 1235.82033333333 3038.774 2994.942 3157.58366666667 1521.591 6038.29833333333 5919.719 6236.54166666667
3455.629 5460.29699999999 4663.30366666667 5570.21033333334 2272.71866666666 37706.805 11213.0536666667 76513.1226666667 1518.23366666667 3752.138 3430.00733333333 3946.471 2118.39466666667 20446.3 9413.27533333333 21377.4
4423.22533333333 8258.98933333333 6871.246 8014.59933333333 2805.94 26737.7793333333 15129.2966666667 38990.374 1796.90133333333 4354.39233333333 4095.448 4397.97833333333 2485.66333333333 15733.199 11396.8693333333 16045.3583333333
3210.84666666667 7609.903 5126.121 5259.54933333333 2207.43466666666 8424.61533333333 19216.096 35911.694 1379.804 3787.484 3392.159 1893.623 1744.64566666667 8853.39766666667 5804.574 6161.04266666667
3475.52000000000 3771.26033333333 4279.70433333333 4293.09533333333 2430.65866666667 8560.91266666667 17058.6363333333 35644.7423333333 1466.628 2954.04066666667 3253.21766666667 3282.70366666667 1745.99833333333 3850.53633333333 4354.87166666667 4477.33366666667
2473.05733333333 3291.70666666667 3223.554 3272.652 1767.83866666667 18031.8096666667 9996.30266666667 44427.879 1092.54133333333 2395.44433333333 2336.737 2435.04133333333 1528.92666666667 6586.83933333333 6069.43633333333 6766.69766666667
4103.51499999999 3446.27266666667 3453.429 3649.48333333334 3531.91566666667 12545.2056666667 15780.444 60084.0346666667 2031.209 3700.89433333333 3851.47966666667 3869.597 2358.06033333333 5039.97733333333 5205.84733333333 5324.175
10218.4476666667 7467.69233333334 11885.2833333333 10429.3466666666 7038.64733333333 12898.0673333333 33902.2833333333 21326.042 4100.06766666667 6582.504 8221.03 7816.67833333333 3663.63733333333 5901.03633333333 7168.40333333333 7092.523
6391.75733333333 5353.17333333333 5566.206 5580.21333333334 5480.44966666667 16215.987 18836.1736666667 29803.3496666667 3094.80433333333 5537.67833333333 5828.09966666667 5892.16766666667 3390.11866666667 6634.97133333333 6980.16066666667 7221.02933333333
5411.01666666667 3528.56266666667 3905.253 3848.70766666666 6153.72333333333 11991.251 24500.8566666667 27914.499 3513.64333333333 5333.88866666667 3453.339 6173.079 3222.82666666667 4940.67766666667 5424.92133333333 5294.07433333333
4225.16666666666 3729.59366666667 3687.38766666666 3761.37200000000 3842.10466666667 19198.1576666667 22499.9056666667 40725.942 2129.49733333333 4139.98633333333 4169.03666666667 4355.05966666667 2933.12133333333 8383.31233333333 8760.48 8479.19633333333
5159.56133333332 6609.97266666667 7596.78833333334 7336.95766666667 3511.22366666667 14991.0553333333 24648.221 31495.07 2187.81933333333 4457.33566666667 4652.41466666667 4798.76033333333 2762.61566666667 7862.54633333333 8635.766 8663.812
9594.09733333333 6716.601 7868.73066666667 7881.461 8429.71366666667 15881.27 27351.9783333333 33134.228 4389.352 6971.69966666667 7791.15066666667 8144.57766666667 5010.637 8474.63933333333 9705.85033333333 10326.8033333333
5697.35366666667 4763.23633333334 5015.407 4711.28299999999 4830.92433333333 22594.1016666667 34734.5856666667 28861.8983333333 3143.259 3686.045 6337.68333333333 6375.16266666667 3369.413 7705.667 7818.534 8099.616
5020.819 9540.17666666667 108139.495666667 19063.4086666667 2645.68933333334 10287.156 44524.4146666667 21337.2 1703.07866666667 3686.632 4438.89466666667 4027.01466666667 2044.543 5221.69533333333 6625.795 6092.69666666667
4539.00733333333 5109.954 5107.393 5160.44566666667 3267.169 29613.1003333333 19301.4786666667 53151.252 2192.924 5185.57333333333 2918.894 5214.21866666667 2506.60966666667 6865.26233333333 6803.13433333333 6974.74366666667
5784.48466666666 5930.16266666667 8244.141 8209.27166666667 3662.885 10238.5323333333 23180.018 34412.8746666667 2246.091 4280.51066666667 4810.245 4262.56333333333 2400.55933333333 4709.93433333333 5495.476 5516.46033333333
7745.19333333332 7002.17766666667 15579.4656666667 15602.3833333333 4883.81300000001 10161.066 31117.6553333333 50703.9256666667 2860.312 5069.20966666667 6089.367 6103.79133333333 2710.68166666667 4903.04666666667 5851.152 6083.17966666667
6788.75999999999 8382.90233333333 7791.16633333333 8271.88133333333 4940.067 34433.7003333333 21372.2133333333 44215.5193333333 2686.042 5653.60266666667 5465.71833333333 5601.447 4083.921 12919.4946666667 11837.392 13215.9323333333
5242.04733333334 5911.24666666667 5797.38333333334 6130.83266666666 3582.594 18032.1286666667 17533.0296666667 31112.0576666667 2149.527 4312.355 4433.67566666667 4500.37233333333 3031.22166666667 9483.45966666667 9079.10133333333 9561.99733333333
4769.38966666668 6767.54366666667 6620.19166666667 7138.37499999998 3086.60033333333 17468.7873333333 14649.1393333333 33315.153 1809.64066666667 3935.45733333333 3821.75966666667 4225.69233333333 2716.11933333333 9987.21166666667 9598.09933333333 11588.4196666667
17339.5926666667 4355.689 8396.463 10267.9853333333 27497.8183333333 8155.98333333333 21891.4633333333 52832.335 20058.9426666667 7616.83866666667 17754.612 25013.7966666667 3750.34633333333 2396.219 5220.28166666667 5654.423
6369.23599999998 10205.3906666667 9333.733 10834.2303333334 4047.58966666668 31987.0893333333 21182.755 89834.266 2404.80666666667 5370.86033333333 4910.09833333333 5372.91466666667 3586.69766666666 20249.8896666667 15730.1136666667 21728.609
7016.71666666667 9302.02966666666 9516.756 8822.57766666667 4957.909 26009.6403333333 34513.5316666667 22771.289 3804.043 10520.5753333333 11064.264 10084.6576666667 3630.91133333333 10027.5246666667 10299.8983333333 9879.44566666667
4482.80233333333 5291.97266666667 4558.98466666667 5189.91033333333 3244.38166666667 49860.81 13791.3896666667 36042.4186666667 1993.52766666667 4607.302 4086.74566666667 4570.24466666667 3206.33833333333 32910.2953333333 12547.34 33793.6363333333
7593.55833333334 7665.97766666666 7069.956 6573.758 5785.10999999999 36813.4016666667 23463.4966666667 18608.9216666667 3628.46966666667 8142.126 7379.94 7004.73433333333 5895.832 52504.6946666667 11670.7973333333 18872.156
7238.72233333334 5931.471 6683.53266666667 6947.984 5817.645 14236.0696666667 20145.391 25289.7343333333 3280.406 5724.68366666667 6221.131 6250.50933333333 3538.91666666667 6330.90566666667 6858.51533333333 7026.96233333333
5504.7286666667 8890.809 7052.22233333333 7369.12 3346.43466666667 38545.5226666667 15883.5506666667 21341.852 2047.45266666667 4547.39733333333 4170.27066666667 4404.87933333333 3527.76399999999 302735.771 17419.3163333333 22584.4486666667
4502.23366666663 5970.8473333333 4843.57266666667 5411.36633333337 3094.90333333333 43539.797 13969.8773333333 24463.8923333333 1948.03566666667 4528.40933333333 4047.13766666667 4197.59733333333 3156.79733333336 386708.146333333 15415.4523333333 29153.504
5401.98666666674 8876.16066666667 6866.334 7354.1386666666 3501.14799999999 85974.7796666667 16471.8863333333 28540.486 2226.18333333333 5173.222 4548.05 4768.98466666667 3680.70199999995 619508.337666667 17407.5796666667 33983.0806666667
5467.63866666662 10740.0403333333 8361.408 9676.14300000004 3409.08666666668 67644.9 16906.356 38247.2573333333 1984.932 4512.03666666667 3963.81366666667 4365.89766666667 3337.49266666671 474700.523 18684.9723333333 50702.312
5857.54699999997 8832.065 6753.26033333333 7612.52766666667 3865.43800000001 48036.0793333333 14041.0683333333 32192.7643333333 2449.06533333333 6166.452 5321.81033333333 5543.77233333333 3968.73966666667 456724.903666667 15295.391 33669.4656666667
5981.18333333331 14968.5393333333 10638.17 12138.3573333334 3644.87966666667 43945.4543333333 17907.9123333333 30050.7236666667 2429.49933333333 3505.41633333333 5551.284 5807.49033333333 3530.65766666669 430990.89 19443.9336666667 34062.4186666667
5507.24033333333 9401.076 7066.23933333333 7905.73433333334 3446.76233333334 37583.241 14174.7866666667 21940.4 2246.72366666667 5046.024 4421.336 4677.32633333333 3525.81366666666 470441.159 15822.408 25787.9193333333
7055.92999999998 11549.8380000000 8829.07666666667 8986.1553333333 4538.48500000000 29589.6786666667 15548.9056666667 18357.1906666667 2936.293 6713.78033333333 5693.98066666667 6036.416 4536.65200000002 488472.003 17316.187 20329.558
7506.88166666662 17192.4093333333 11768.9576666667 13414.4213333334 4424.03466666667 48947.1483333333 19899.089 33254.228 2690.158 6455.055 5895.478 6000.409 4324.97566666667 475317.987333333 21754.9453333333 37092.0916666667
6692.73899999996 12728.136 9480.45166666667 9752.8233333334 3880.949 33446.8153333333 16209.5683333333 20544.1073333333 2534.233 5762.729 5269.16466666667 5248.05333333333 4112.73900000002 433422.619666667 18551.1753333333 24805.866
6281.79233333332 6997.51233333336 5526.60966666667 5873.86566666666 4680.428 33742.6063333333 13273.4083333333 19613.6173333333 2830.838 6319.655 5501.137 5702.04 4764.81166666669 329912.426333333 14592.625 21365.037
6846.776 6295.46666666666 5463.216 5844.66133333333 5459.436 33258.693 18461.4576666667 21244.4233333333 3412.627 6846.24933333333 6468.205 6449.44866666667 5800.75100000001 439366.391 10013.4313333333 23493.6266666667
4503.67133333333 5581.46600000001 4393.34833333333 4819.90433333334 3363.18633333333 33716.4176666667 10655.945 20350.701 2172.892 4898.035 4276.21733333333 4530.08566666667 3392.09033333336 368418.281333333 11720.6893333333 23527.839
3597.86399999997 5726.40766666664 4374.75533333333 4911.87300000006 2317.649 41540.697 9455.62466666667 23885.7793333333 1528.76566666667 3532.754 3081.20333333333 3373.847 2576.35133333336 391825.741333333 10729.2666666667 31468.0406666667
4889.68433333333 6403.59633333333 5823.995 6473.94433333334 3361.68766666667 22801.1966666667 14124.3946666667 28264.601 1981.908 4310.13266666667 4044.63333333333 4451.376 2917.23 11964.6343333333 9642.617 11977.0286666667
4735.51933333333 4361.93 6286.69866666667 6273.152 3307.556 7317.438 17007.745 27520.701 1811.76666666667 3217.423 3692.64533333333 3681.645 1752.098 3091.469 3478.801 3505.012
4423.44133333334 3267.66566666667 4932.404 4742.69900000000 3244.173 6318.90933333333 15345.6553333333 43570.3423333333 2170.55766666667 3723.85866666667 2655.44166666667 4837.382 2019.628 3451.31633333333 4236.039 2477.76666666667
12646.793 3504.01266666667 5378.701 6468.96333333333 34711.374 7155.992 14297.4843333333 14354.2396666667 41898.5166666667 7312.97066666667 14769.4326666667 29549.48 2573.18633333333 2944.84466666667 3382.802 3658.987
4098.63966666667 5581.06133333333 5923.27933333333 5923.52966666667 2852.39033333333 14606.205 19829.352 32580.5326666667 1641.20633333333 3585.32366666667 3692.374 3768.296 2285.21366666667 7662.1 7883.51466666667 7863.17166666667
3759.95733333333 5228.15333333334 4455.15333333333 4780.046 2651.525 27607.3956666667 12912.9306666667 16760.6386666667 1673.39833333333 3988.62333333333 3593.12933333333 3811.649 2559.67933333333 23826.3676666667 12020.4966666667 15516.1363333333
4441.94366666667 5413.067 4888.754 5355.10533333334 3197.292 22206.592 14288.3786666667 21692.0973333333 2025.48666666667 4406.088 4242.90433333333 4431.371 2858.09766666667 13176.813 10431.313 13004.5763333333
5145.10099999999 4947.71766666666 5621.622 5879.62933333334 3912.07100000001 10098.4963333333 25220.7396666667 30656.793 2136.14533333333 3927.53233333333 4265.21966666667 4293.47266666667 2291.53266666667 4373.67366666667 4834.39866666667 5023.115
4060.84233333333 3731.201 3381.17166666667 3658.97500000000 3453.74166666667 19546.4303333333 10000.1263333333 29314.4216666667 2005.303 4080.892 3748.96066666667 4164.91433333333 2832.933 8913.68666666667 6853.46133333333 9097.149
4032.50233333334 5530.87466666667 5432.15066666666 5360.16233333333 2664.42600000000 20811.035 24659.1156666667 43231.7333333333 1955.09433333333 5749.26666666667 6059.13833333333 5897.29066666667 1908.60733333333 5133.48366666667 5003.29533333333 5010.17366666667
5064.87599999999 6238.02733333333 6435.13033333333 6195.94633333334 3591.10866666667 27137.4726666667 66185.548 30737.9706666667 2590.03433333333 6902.328 6917.32833333333 6941.07933333333 3001.391 11534.312 12074.4933333333 12211.8136666667
5785.23900000001 4675.83466666667 5220.947 5057.78933333333 4644.41033333333 13768.2766666667 71655.8236666667 37983.1893333333 2847.24166666667 5506.85133333333 5739.79733333333 5796.28966666667 2721.289 5211.25733333333 5401.122 5419.84166666667
4773.04566666668 5661.355 5869.368 5994.50133333333 3480.20233333332 18305.803 42827.381 111169.013666667 2201.977 4692.80166666667 4930.04966666667 5064.16166666667 2459.195 6573.82033333333 6705.06133333333 6790.89333333333
7289.52266666667 7264.23166666667 11824.2 12186.5156666667 4665.49166666665 11295.0586666667 28552.0243333333 63795.1253333333 2796.20133333333 5075.51 6090.01966666667 6060.979 3074.97433333333 5903.33966666667 7505.876 7518.77
7930.60066666667 4160.854 7250.92133333333 7456.094 6102.62799999999 7779.723 19244.9646666667 27346.2843333333 3606.009 4850.107 6851.82666666667 6932.87733333333 2765.50233333333 3623.906 4879.79733333333 4783.56433333333
7962.11966666668 8410.54966666666 8990.18366666667 8732.697 6041.73066666666 20972.7616666667 26356.6383333333 24357.9093333333 4653.228 11975.6856666667 12931.8733333333 12569.523 3136.27166666666 6103.593 6307.31466666667 6510.24066666667
6692.619 6123.295 6336.182 6195.534 5582.03066666667 22214.2636666667 25110.9023333333 22196.4433333333 3998.37766666666 8855.17533333333 9092.86033333333 9156.09666666667 3543.91266666667 7466.476 7376.10533333333 7672.996
4847.02766666667 6283.16533333334 6924.48866666667 6692.78833333333 3320.90999999999 16588.0963333333 22967.9253333333 31543.3283333333 2062.58366666667 4180.34333333333 4381.107 4420.556 2706.66866666667 7750.375 8203.099 8420.50733333333
7655.97066666666 6307.48233333334 7103.449 7128.288 6383.172 18238.9933333333 120348.333 30044.0016666667 4146.102 8602.83966666667 9374.69033333333 9428.988 3295.65533333333 5629.83466666667 5992.02766666667 5938.93233333333
8382.505 6069.50433333334 6752.033 6739.95766666667 7995.57533333333 16010.712 38430.5016666667 37603.711 4101.06633333333 6811.86166666667 7331.66066666667 7487.84133333333 4194.18333333333 6753.572 7442.25466666667 7520.26
9435.859 8411.088 8341.93166666667 6950.02133333332 7802.35066666666 47275.5773333333 60039.5306666667 18196.8413333333 3924.489 7600.278 7786.01533333333 6686.46766666667 7020.70133333334 33476.1566666667 32075.3223333333 15069.3396666667
3956.986 4572.16933333333 4830.34566666667 5058.869 2921.74533333333 12629.5353333333 16262.988 39910.5713333333 1650.65166666667 3375.044 3412.69666666667 3346.75766666667 2183.927 5501.26133333333 5686.10966666667 5713.452
5019.71000000001 4999.51666666667 6578.81533333333 6873.158 3308.92133333333 8339.241 13630.6033333333 58287.7343333333 2033.57066666667 2138.20966666667 3970.36633333333 4188.98333333333 2450.668 5115.49266666667 5898.195 3557.05433333333
12652.3780000000 8697.15433333333 43086.598 42038.2696666667 7353.07800000002 11782.8683333333 62843.989 97190.2646666667 4223.94866666667 6676.49433333333 9548.29 9262.747 4464.22533333333 7100.843 7232.223 9893.74866666667
5437.45433333333 6492.218 8017.33733333334 8381.03033333334 3556.41966666667 11203.3666666667 16462.1306666667 77912.583 1936.086 3876.45066666667 4033.92033333333 4257.223 2646.22 6459.66466666667 7138.41166666667 7631.17366666667
3211.89933333332 4825.652 5341.87133333334 5475.59733333334 2058.04066666668 10617.274 18045.7486666667 60447.1766666667 1319.84533333333 2947.468 3114.03566666667 3116.061 1746.79366666667 6277.726 7344.21433333333 7338.446
3867.60333333333 4323.10233333333 3698.82233333334 4094.432 2904.84400000000 24150.3596666667 11493.7436666667 28642.2126666667 1666.627 3418.588 3185.71333333333 3497.51166666667 2603.83566666667 12855.23 8460.03066666667 12614.8436666667
3660.851 4718.438 4213.22433333333 4958.66666666666 2581.61266666666 24148.45 11981.007 30606.7703333333 1612.29033333333 3571.314 3325.35066666667 3639.595 2390.536 12600.048 8724.318 12640.038
4324.36366666667 4169.39266666667 4168.26 4425.25366666666 3501.57166666666 13773.3596666667 16409.4453333333 63486.6733333333 1660.80866666667 3109.32833333333 3212.88333333333 3140.63966666667 2690.466 6874.47933333333 7053.83133333333 7327.88333333333
3450.304 4789.21666666667 4603.183 4779.13633333333 2436.55199999999 13350.5246666667 12059.5943333333 45652.809 1543.226 2025.53533333333 3482.29666666667 3583.722 1925.463 5980.21333333333 5864.436 6391.13766666667
3755.948 3749.477 4195.01433333333 4155.47066666667 2663.572 9063.67866666667 14816.7086666667 21053.1906666667 1470.39766666667 2707.08833333333 2828.167 2871.828 2062.09933333333 4696.986 1270.62 5098.03466666667
7321.89333333334 7734.49466666667 15460.995 15357.497 4392.65766666666 11148.86 26690.818 30028.7843333333 2435.74133333333 4639.92 5323.298 5304.79066666667 3132.49766666667 6334.24533333333 8046.369 8257.698
7188.24900000001 10053.1843333333 13667.4636666667 14573.783 4279.09866666666 15874.238 28416.4953333333 185039.968 2465.69933333333 5018.752 5384.85133333333 5520.97733333333 3487.943 9314.12566666667 11342.0996666667 11703.5516666667
5708.77833333336 8316.874 9716.52433333333 9892.35333333331 3699.13099999998 15481.8706666667 23354.9263333333 222946.372 2373.243 5144.51766666667 3136.03 5494.79933333333 2946.56766666667 9054.65766666667 10451.9893333333 10790.7553333333
5492.20800000001 7622.61566666667 11442.1443333333 11560.652 3252.50599999999 11726.004 24386.433 92703.857 2102.90366666667 2630.26166666667 4919.80266666667 5098.512 2483.84233333333 6139.64866666667 7311.82 7525.999
11901.9266666666 6979.39433333333 40038.3186666667 39976.2603333333 6806.065 9584.92766666667 67617.5456666667 131256.061666667 4245.294 6111.07566666667 9505.531 9464.61933333333 3535.66433333333 5095.73233333333 7079.00466666667 7243.25866666667
4830.414 10447.3046666667 7914.91533333333 9699.90600000002 2739.37333333334 27128.8233333333 13680.12 25219.0033333333 2702.55266666666 18443.306 12111.7236666667 16574.5476666667 2835.39 33429.756 14793.761 28576.783
7766.66466666667 14238.7283333333 16810.6933333333 16145.4236666667 4737.08466666667 23977.5266666667 53964.3903333333 46115.3983333333 2746.25233333333 5640.55166666667 5912.89333333333 5860.73266666667 2939.08833333333 6144.49333333333 6408.783 6448.26533333333
8444.15966666666 26050.477 19074.1413333333 15799.522 5025.85133333334 18701.8553333333 40217.6883333333 27496.965 2786.58566666667 6316.002 5972.09366666667 5827.36866666667 4041.08333333333 9572.66566666667 15081.2666666667 13886.9543333333
6994.495 9533.07733333333 14869.3156666667 15233.422 4290.947 14089.6073333333 29678.2993333333 110500.646333333 2409.322 4947.46366666667 5343.997 5550.50733333333 3297.156 8359.02166666667 10279.668 10369.7443333333
13955.357 8084.52366666666 5768.18366666666 6623.3356666667 23478.1263333333 32943.29 13856.3543333333 17927.8493333333 31732.7163333333 50616.2806666667 15109.1923333333 20453.4106666667 36975.1003333333 155397.705666667 15658.3996666667 21102.4943333333
7604.86533333333 13010.6743333333 10066.271 9588.91933333334 4908.39633333334 35188.698 19950.8593333333 18376.4563333333 3619.72166666667 9653.294 8407.42666666667 7833.60766666667 4914.78666666666 59191.5336666667 21086.013 18722.3666666667
4762.58466666665 4633.96666666667 3683.01 4182.18866666666 3934.275 33885.4916666667 11876.131 19293.3223333333 2377.24233333333 4947.10166666667 4451.90233333333 4760.36366666667 3971.01800000001 42588.65 12279.1366666667 20223.1853333333
4713.84200000002 7272.339 6236.29466666667 7049.56433333332 3125.48500000000 33764.0993333333 14659.8573333333 27237.5383333333 1956.83666666667 4687.82966666667 4261.85266666667 4602.241 2903.69633333333 26600.372 13577.5353333333 24552.4363333333
6872.81133333332 10977.1333333333 10213.946 9496.42933333334 4199.75533333334 27213.9366666667 22495.883 19449.635 2783.80433333333 6430.22366666667 6155.98566666667 6002.13633333333 3998.949 19890.6563333333 17647.6853333333 16096.9293333333
3713.31366666667 4871.12033333333 4635.068 5099.118 2586.12499999999 14801.7213333333 12208.5573333333 43025.0463333333 1535.06566666667 3166.86866666667 3272.03833333333 3309.57733333333 2222.16566666667 8116.79966666667 7628.32633333333 8562.44833333333
3619.77133333333 4153.28933333333 3842.259 4445.63033333334 2656.93033333333 17500.341 10659.5336666667 29675.805 1520.18833333333 3170.70966666667 2985.89966666667 3311.01233333333 2597.97 13355.68 9037.06766666667 6887.18233333333
4004.127 4933.893 5197.858 5192.28200000001 2890.15233333333 19982.564 47091.4963333333 27710.8973333333 1671.84566666667 3682.04233333333 3618.27733333333 3732.77466666667 2596.485 11657.1006666667 7061.25833333333 12917.156
7370.13866666665 11997.9946666667 12868.8343333333 11717.3723333333 4667.65000000001 22176.659 195617.185666667 22505.7053333333 2770.22633333333 5858.028 6236.22066666667 6036.345 2980.175 7117.17833333333 7442.65933333333 7058.59733333333
17664.4336666667 22717.0696666667 85241.4966666667 11630.2 9179.25200000001 25168.785 179627.128666667 14417.5343333333 6381.62433333333 12824.4003333333 15667.1186666667 9543.09666666667 8323.91 20612.855 32007.456 12908.699
13315.0823333333 7682.552 106114.508 13838.7576666667 7537.704 9695.656 192454.220333333 15941.4196666667 4962.48466666667 7076.59333333333 11557.637 9249.995 3598.359 3166.37866666667 7333.73466666667 6329.95766666667
4642.03900000002 4603.02633333333 5845.65000000001 5699.85466666665 3151.04566666666 8700.00133333333 192776.873333333 31726.9796666667 2136.458 4211.064 4960.75633333333 4895.61166666667 1838.74733333333 3504.88833333333 4111.42033333333 3886.294
4345.65666666667 4860.81833333334 5280.41333333334 4938.19166666666 3126.42733333333 17686.5503333333 179550.033 30450.8893333333 1945.87833333333 4438.49233333333 4648.02733333333 4431.252 2491.60766666667 7084.049 7515.12633333333 7437.737
2665.98566666666 3412.89166666667 3774.86433333334 3494.53833333334 1948.03133333335 14255.3106666667 190405.726666667 31441.5313333333 1335.17633333333 3495.62933333333 3657.75533333333 3489.759 1462.14966666667 4375.93833333333 4960.75366666667 4531.41833333333
4161.49899999997 4772.05066666667 5078.26799999999 5006.77233333335 2945.85133333334 14110.7696666667 196198.496 38526.583 1989.95333333333 2775.11566666667 5070.589 4965.132 2076.99633333333 5245.294 5744.947 5482.85266666667
3306.30366666663 4908.59466666667 5303.64399999999 5117.33766666672 2221.24666666669 16705.0046666667 242966.345666667 52723.303 1549.295 4047.67566666667 4229.31466666667 4114.35466666667 1919.78066666667 4185.045 7966.99566666667 7513.11866666667
6574.96366666666 4472.75966666667 5742.90866666666 5819.378 5506.43999999997 9691.02933333333 304273.087333333 43171.2433333333 3438.10533333333 5428.12566666667 6913.975 6977.024 2239.451 3422.99533333333 3861.329 3844.09466666667
2935.32066666669 4400.38666666667 5000.79566666664 4384.91700000001 2001.00699999999 18326.7006666667 269062.894333333 36781.198 1435.711 3781.41633333333 4154.65733333333 3870.44533333333 1659.73533333333 6074.75633333333 6925.25266666667 5998.04566666667
4309.33666666669 4609.468 4974.63999999999 4912.37533333331 2929.75466666664 10641.107 215021.281333333 39761.457 2135.84766666667 2584.19633333333 5029.41033333333 4929.66566666667 1802.181 3470.54866666667 3725.06833333333 3607.322
4070.00799999999 4390.709 4541.744 4376.13900000001 3146.46700000001 19351.996 221977.380666667 25504.1563333333 2177.51933333333 5319.80433333333 5521.976 5487.35033333333 2487.58566666667 8071.42066666667 8598.39933333333 8115.96433333333
4213.7773333333 4595.475 4930.24766666667 4927.15000000002 3006.32800000003 18729.368 186735.515333333 357160.388666667 1922.43633333333 4134.57666666667 4384.99766666667 4369.07933333333 2425.09833333333 7187.90033333333 7853.83933333333 8032.652
3315.72366666667 3931.43733333333 3991.83666666666 3764.63233333334 2478.92933333332 20012.8103333333 145082.984333333 34906.576 1642.899 3666.68466666667 3774.23066666667 3690.97566666667 2024.438 8022.81766666667 8626.84833333333 8196.106
3731.12066666667 4479.58 4603.89033333333 4405.209 2828.34733333334 26989.4996666667 176204.982 43161.271 1769.216 4097.045 4325.353 4043.016 2512.476 12207.8753333333 13707.1746666667 12046.654
5731.722 6338.15633333333 69952.3703333333 12974.4713333333 3106.57133333335 7623.52333333333 192723.186666667 14324.4186666667 2247.94133333333 4308.03666666667 5835.875 5065.487 1912.39533333333 3595.19366666667 4333.268 3986.423
41266.1746666667 4929.54966666667 26616.087 9996.20866666666 57074.6756666667 4680.21 164591.779 18268.3353333333 53279.394 8558.76166666667 77856.3593333333 17494.885 2407.35566666667 3036.37866666667 3959.77466666667 3520.291
8262.63666666663 10580.3513333333 8724.13 8740.86200000003 6436.11400000002 11384.038 196718.647333333 30333.9006666667 4182.00733333333 10739.69 9317.28733333333 9251.26533333333 3760.542 9143.27066666667 8122.93533333333 7906.492
22439.319 6375.54833333333 51466.8366666667 8919.476 12134.315 9108.01233333333 65688.1606666667 12165.642 10218.163 8280.618 22918.578 10953.441 2665.253 3689.35133333333 4869.92466666667 3953.601
25172.239 7513.727 145379.567666667 10756.1663333333 13627.8966666667 10685.8953333333 89558.1456666667 14735.8623333333 10586.3986666667 9601.622 24627.9513333333 12549.558 4462.46566666667 3401.85566666667 8508.53533333333 6440.06333333333
6906.12533333334 5044.61933333333 4582.59966666667 4464.04566666667 7973.085 7197.35266666667 203118.020666667 28126.5416666667 4178.40233333334 8155.19 6782.423 6681.31466666667 2621.99733333333 4489.008 4080.95666666667 4119.168
4260.19666666666 4581.90833333333 5117.31699999999 4760.13800000001 3120.60566666666 12534.676 187219.423666667 22977.1946666667 2109.77766666667 4907.45333333333 3048.22666666667 5210.03233333333 1838.69 3819.28233333333 4045.83266666667 4007.985
5946.00833333331 4153.56833333333 4532.691 4458.24233333334 5628.31600000001 12260.458 188797.246333333 67116.3796666667 2704.957 4449.03966666667 4808.83033333333 4831.993 1943.05866666667 3265.904 3338.93233333333 3322.365
2799.26966666663 4433.86333333334 4681.55099999999 4323.04600000002 1847.78066666669 28465.2923333333 178095.386333333 26993.1406666667 1301.77 3340.909 3349.83066666667 3340.76033333333 1636.18666666666 8825.01533333333 9859.032 8914.706
3677.92100000000 3829.94333333333 3653.63700000001 3615.72866666666 3003.63733333333 37969.985 156433.933666667 77660.444 1819.282 3758.73266666667 4033.71633333333 3994.509 2531.71966666667 15319.879 17774.913 16222.4483333333
2533.27033333332 3746.75633333334 3884.90533333333 3444.76800000001 1780.47600000001 43944.8866666667 147633.048 29118.0893333333 1176.13666666667 2844.89266666667 3031.48966666667 2935.942 1707.86800000000 18025.4543333333 24162.557 15935.3006666667
3282.30033333334 3610.608 3829.49166666667 3766.27 2457.04366666667 11565.9033333333 180064.421666667 28014.4313333333 1691.06533333333 3743.46866666667 3855.50733333333 3636.23866666667 1786.39566666667 4251.46 4603.07933333333 4319.505
2383.20233333332 3494.84433333333 3703.466 3442.88733333334 1695.17866666668 15265.439 183564.89 29400.6923333333 1188.165 3057.47466666667 3340.686 3103.95433333333 1261.562 3666.732 3786.458 3642.448
3463.49766666667 3352.378 3628.65366666666 3414.22066666668 2821.88566666667 11512.9006666667 189513.670666667 33765.943 1618.32133333333 3196.964 3325.17 3251.36466666667 1761.57833333333 4146.58733333333 4363.30566666667 4126.41866666667
2487.88566666668 3687.13166666667 4208.40866666667 3836.13399999999 1633.77733333334 10399.7766666667 141616.683 28542.163 1111.02 2823.476 3082.571 2959.394 1386.987 4395.17566666667 2704.33733333333 4608.84
2912.94699999999 3415.26833333333 3504.31500000001 3414.00966666668 2149.69833333334 16228.8293333333 150856.830333333 31293.742 1531.09533333333 3829.669 2259.151 3865.37466666667 1633.28633333333 4741.57333333333 5026.90366666667 4871.21666666667
2660.02933333335 3310.15233333333 3632.29366666667 3319.71466666666 1885.96766666666 13689.526 167171.224 29728.7823333333 1312.84466666667 3294.408 3510.917 3309.35033333333 1465.98633333333 4784.10366666667 5391.46533333333 4837.49466666667
3222.84533333333 3892.126 3983.86366666667 3845.755 2389.77766666668 14651.4683333333 161100.852 25148.102 1569.517 3630.70533333333 3710.58266666667 3698.665 1722.722 4357.99033333333 4677.30166666667 4434.316
2352.82833333331 3811.418 4252.00033333333 3989.53333333333 1594.56066666665 9988.16 183947.514333333 30972.165 1127.21066666667 2940.063 3204.48266666667 3070.20366666667 1198.09433333333 3609.249 4091.00266666667 3704.654
3032.75666666666 4186.36466666667 4487.88499999999 4031.63366666669 2189.69033333334 14545.101 177053.073666667 25370.735 1547.40166666667 4058.73766666667 4382.73533333333 4207.87533333333 1696.22533333333 5282.22666666667 5761.606 5477.472
3829.27266666666 3412.54133333333 3551.19233333333 3525.97366666667 3062.16566666665 13727.4816666667 166924.735 28121.9176666667 1931.16533333333 4127.13333333333 4268.134 4237.61733333333 1339.06633333333 2419.36366666667 2459.33866666667 2413.10033333333
2767.87500000003 3342.30533333333 3612.70866666666 3364.91099999998 1994.28966666663 14066.605 178992.242 30035.7633333333 1445.338 3690.164 2239.80533333333 3685.42266666667 1577.95533333334 5318.24566666667 5783.244 5289.635
2273.50400000000 3342.56933333333 3607.93033333335 3180.04633333331 1530.07133333333 23394.066 184582.293666667 25841.069 1168.033 3307.76 3679.881 3263.086 1329.86966666667 6398.13466666667 7179.595 6191.14066666667
2987.52033333333 3843.067 4101.28499999999 3844.77766666667 2094.65033333333 15900.3863333333 189936.625666667 28061.9376666667 1402.71366666667 3346.49 3547.46866666667 3455.57766666667 1618.05466666667 4985.87666666667 5332.92066666667 5073.208
2412.39100000001 4205.78366666667 4688.17 4255.94533333334 1554.40033333333 37133.298 168049.784 51030.5176666667 1139.305 3284.58033333333 3490.90033333333 3360.24433333333 1420.87966666666 13079.948 16491.1456666667 13647.0866666667
2864.90466666665 2993.38966666666 3134.64466666667 3057.64100000001 2209.52666666668 24272.3883333333 175538.540666667 21029.2443333333 1557.59733333333 2358.43166666667 4390.53633333333 4192.81466666667 1818.73233333333 8288.10033333333 9701.67833333333 8112.419
2139.43099999998 3313.065 4090.68666666668 3726.92733333332 1369.22766666667 8234.142 180388.434333333 32604.796 1058.96833333333 2962.19633333333 3401.05433333333 3282.761 1005.248 2616.92666666667 2886.52466666667 2754.14566666667
3041.10166666666 3385.08866666667 3893.86000000001 3604.16966666666 2173.51699999999 8610.06366666667 181002.087666667 31936.2316666667 1417.67066666667 3096.51033333333 3335.60133333333 3315.19766666667 1417.10766666667 2966.65733333333 3188.551 3181.784
2145.24899999999 3134.049 3517.26000000001 3154.132 1483.60066666668 11944.6873333333 165910.022333333 25641.6896666667 980.260333333334 2592.65166666667 2928.58566666667 2744.20233333333 1225.513 4530.412 5150.832 4642.893
2903.28900000000 3568.08933333333 3884.57466666666 3555.11700000000 2034.03533333332 10732.897 179274.629 28021.7386666667 1338.898 2925.81033333333 3224.33433333333 3108.77733333333 1549.34366666667 4067.67333333333 4490.862 4208.371
3499.31033333332 3986.45666666667 3727.97666666667 3433.60633333333 2492.79133333335 143451.722333333 65242.1516666667 17257.2346666667 1710.64833333333 4284.70733333333 4191.82366666667 3875.53066666667 2656.54999999999 356195.113666667 121084.148 20266.8883333333
2563.77733333333 2888.05499999998 2891.114 2534.98366666671 1922.42066666667 120453.955333333 80888.5853333333 15639.6386666667 1279.44733333333 3327.05633333333 3145.55633333333 2935.44 2015.95366666666 192068.533333333 101030.244333333 15387.4686666667
2322.24033333332 3548.71166666667 3896.07800000001 3560.60000000001 1552.56533333333 16536.585 176008.819 34259.5306666667 1107.036 2913.762 3136.96 2953.892 1335.10733333333 6214.31133333333 7064.843 6276.46833333333
2864.26066666667 3414.546 3697.62166666666 3481.06166666667 2083.97366666665 12468.3783333333 183624.271666667 31234.6763333333 1523.821 2213.06533333333 4079.62866666667 3835.525 1429.67166666667 2093.68033333333 3747.878 3530.04
2415.55666666666 3231.82133333333 3801.05100000001 3435.62100000000 1671.00000000000 7948.22433333333 173839.938 26216.2376666667 1194.433 2983.63366666667 3412.141 3168.81233333333 1010.01033333333 1300.78066666667 2411.47 2330.197
3471.13633333333 3646.93466666667 4058.84733333334 4025.16166666666 2644.03266666667 9067.44266666667 163025.002666667 29329.522 1940.14566666667 4519.00766666667 5059.616 4974.89066666667 1396.70933333333 2599.275 1611.134 2704.15766666667
6578.79000000001 11321.5006666667 21315.1536666667 9964.79566666665 3454.72333333332 13290.1376666667 151650.036666667 12251.9023333333 2611.48166666666 6324.255 7693.43166666667 6373.25166666667 3016.275 8236.94666666667 10583.578 7616.59033333333
10673.2246666667 4659.21233333333 31508.1176666667 14182.8853333333 6185.59666666667 6407.76366666667 149341.022 16140.6176666667 4300.07166666667 5153.65566666667 10487.5023333333 8445.91033333333 1208.637 1871.46833333333 2201.358 2108.36466666667
6975.68500000001 4380.33366666667 13062.0036666667 11242.9976666666 4060.68499999999 6211.15966666667 139788.554 15681.9013333333 3066.565 4657.49633333333 7605.42533333333 6933.36333333333 1148.415 1831.94033333333 2119.617 2031.14166666667
6917.379 4664.01533333333 7420.499 7129.28666666667 5051.57733333333 8447.30766666667 133860.902 19760.813 3290.89833333333 5370.818 7080.569 7102.14466666667 1911.60533333333 2978.469 3325.03 3439.69566666667
6391.83133333334 3533.422 6945.32966666666 7104.147 4643.30533333333 5855.52166666667 115883.367 25813.306 3147.41633333333 4015.91466666667 6549.049 6541.15 1326.457 2030.00166666667 2482.65433333333 2405.668
8074.55366666667 3137.42466666667 28316.253 11540.7486666667 4429.056 4138.45433333333 22846.533 13082.8566666667 3177.69733333333 3466.58033333333 3774.404 6465.84833333333 1290.283 1802.30066666667 2448.62 2329.17033333333
7276.331 3375.69833333333 13216.284 13195.5466666667 4503.953 4696.085 21490.3493333333 21140.6326666667 2683.77166666667 3239.78766666667 5425.85233333333 5439.32833333333 1782.69433333333 2375.969 3257.58433333333 3290.73233333333
7182.48766666667 3261.85233333333 14785.1933333333 13662.8066666667 4080.46566666667 4603.99633333333 22835.34 18788.218 2560.93733333333 1893.85666666667 5152.927 5048.179 1262.15933333333 1763.42466666667 2212.20966666667 2224.77233333333
8861.64466666667 3400.31266666667 25490.0426666667 12330.28 4722.75233333333 4522.27566666667 22834.0216666667 14087.8003333333 3003.371 3461.79733333333 6577.94033333333 5705.41133333333 1498.202 2127.02433333333 2872.97533333333 2644.55933333333
8544.34766666667 3460.62366666667 18464.3736666667 14853.005 4863.78066666667 4675.65233333333 79570.8066666667 18571.8603333333 3528.95566666667 3859.59166666667 4266.59133333333 7465.97133333333 1966.076 2569.54233333333 2051.92833333333 3619.15333333333
7135.76100000001 3328.775 9465.39233333333 9304.04166666667 4633.48966666666 5392.252 73315.494 21940.6643333333 2710.99133333333 3532.02133333333 5481.75333333333 5538.914 1761.038 2397.40166666667 3232.95033333333 3259.8
9234.33466666667 3135.67833333333 29019.807 13828.14 5029.225 4301.79266666667 30397.2886666667 15229.6136666667 3158.20633333333 3284.85866666667 6627.125 5643.85 1420.094 1994.75033333333 2730.74933333333 2566.18433333333
10433.6413333333 2872.467 9233.71833333334 8873.96333333333 7372.83666666667 4630.88166666667 19934.5613333333 18354.7503333333 4678.37766666667 3842.70066666667 8775.70566666667 8549.696 2240.21433333333 1751.51066666667 2519.31466666667 2525.27033333333
13777.9656666667 4683.45833333333 11294.2313333333 9106.46466666667 9401.50833333333 7193.19066666667 20328.0333333333 14607.9476666667 6621.71333333333 3446.93866666667 12215.8083333333 10221.8696666667 2818.19266666667 3547.78233333333 4659.577 4502.488
12168.2243333333 4452.44266666667 10153.1396666667 9146.84333333334 7797.92066666667 7051.65333333333 17416.802 14488.404 6108.89966666667 5966.962 11178.1626666667 10525.9856666667 2169.13533333333 2901.692 3631.10566666667 3540.847
12698.337 4405.96366666667 9348.15033333333 10411.519 10260.1703333333 7589.25066666667 19950.5883333333 124898.190666667 7096.94466666667 6024.87033333333 11789.596 13110.339 2034.838 2737.71533333333 3240.84533333333 3405.21133333333
11344.8443333333 4643.67966666667 9033.98533333333 7873.16066666667 8021.493 7951.31266666667 19879.1323333333 16774.022 6538.862 6904.99833333333 12922.262 11889.8876666667 1767.63066666667 2531.17933333333 2925.11033333333 2956.21966666667
13727.552 4701.43866666667 10646.2323333333 9399.907 9424.37433333334 7303.54133333333 20415.6733333333 17338.711 6971.81666666667 6312.904 12877.5583333333 11907.111 1857.207 2553.936 3055.196 2967.111
12563.5563333333 4088.67233333333 9988.93733333333 8586.594 8797.14233333334 6683.10066666667 19530.6316666667 15531.4153333333 6938.55266666667 5703.87533333333 13364.3996666667 12030.9723333333 2065.45866666667 2677.39166666667 3489.07133333333 3329.86833333333
13243.092 4040.51366666667 10620.5073333333 8148.957 8151.75333333333 6309.39466666667 16965.7 12073.402 6678.494 5701.377 12675.8986666667 10283.2603333333 1411.09066666667 2124.60466666667 2486.034 2381.58366666667
12371.4763333333 3824.59633333333 9943.18666666666 9812.12066666667 8516.83033333333 6047.18433333333 18116.4876666667 17423.3176666667 6546.649 5223.31766666667 12006.387 11860.6563333333 1463.88433333333 2084.89166666667 2569.74866666667 2447.72433333333
12770.7636666667 4913.228 10147.6866666667 9052.05166666667 9025.20733333333 4297.41833333333 20826.0486666667 17672.4956666667 6525.279 6815.91933333333 11969.468 11104.3836666667 1678.97 2528.12433333333 2882.81666666667 2736.449
10927.45 4044.519 8050.77366666666 8453.81733333334 9113.666 7325.58533333333 21249.0436666667 26455.575 6392.33066666667 5940.36766666667 12118.4346666667 12806.777 1365.19333333333 1977.088 2250.518 2287.81366666667
13702.4223333333 2981.39766666667 12022.2513333333 9334.15866666667 9372.62066666667 4829.708 22718.031 15626.5703333333 6287.96333333333 4244.43466666667 11758.4853333333 10263.1266666667 1770.42366666667 2298.52966666667 3254.09233333333 3053.61433333333
12758.2926666667 2840.468 13528.417 9159.78233333333 7966.075 2391.57033333333 23980.126 12747.5186666667 5253.74933333333 3789.85433333333 10505.6156666667 8753.42066666667 1251.733 1605.17733333333 2188.84133333333 2048.99533333333
12914.702 2180.771 10009.5813333333 10351.5756666667 10244.4423333333 3763.63833333333 23995.3936666667 29255.3456666667 6570.06566666667 3187.478 10895.5286666667 11183.2676666667 1681.88 1826.33266666667 2835.35633333333 2922.209
12557.7236666667 2049.018 10228.523 8848.28533333334 9057.235 3463.09133333333 22261.7806666667 16933.773 6158.02366666667 3077.41366666667 10901.1706666667 10343.352 1580.63766666667 1708.137 2650.01566666667 2601.13566666667
12235.3996666667 3188.015 10558.859 10774.9263333333 9214.71966666668 5377.094 21671.4346666667 29915.5216666667 5682.562 2567.85933333333 9875.92466666667 10681.414 1506.44866666667 1194.27166666667 2468.33166666667 2534.719
12879.6256666667 2397.37033333333 10526.5043333333 8147.27966666666 8519.26833333333 3844.49233333333 18831.787 12677.5123333333 6530.80566666667 2054.392 11849.646 9986.86633333333 1761.19033333333 1997.39533333333 2951.64266666667 1679.37466666667
13084.503 3020.27766666667 12775.8283333333 9895.131 8565.784 4906.96533333333 22159.3603333333 14629.6703333333 5594.46433333333 3962.09 10253.737 8918.46866666667 1643.22866666667 2077.847 2881.94433333333 2757.064
12394.5973333333 3091.862 11037.1713333333 9609.60933333333 8198.93866666667 2728.393 23327.2923333333 16140.286 5314.86666666666 4132.66166666667 9857.708 9106.61366666667 1600.65733333333 2016.91333333333 2708.86833333333 2565.15
12437.6156666667 2568.08033333333 11574.0246666667 8318.05933333333 8226.379 4070.36033333333 22131.9683333333 13168.4423333333 5465.636 3547.57266666667 10565.8 8627.71133333333 1948.67933333333 2139.41666666667 3285.507 3080.577
12661.227 2493.52566666667 10433.8533333333 9290.984 9723.19333333334 4170.551 22537.4013333333 17589.2643333333 6283.46933333333 3675.65333333333 11319.6376666667 10270.7396666667 1882.57033333333 2078.57 3164.09766666667 3051.832
14508.3026666667 2268.51933333333 10803.2023333333 8710.70566666667 9944.57433333333 3646.93266666667 21313.858 14630.745 6789.24633333333 3311.544 12045.129 10387.1206666667 1355.04666666667 1638.394 2291.43066666667 2270.17966666667
11522.9163333333 2480.99933333333 12139.885 9412.26933333333 7463.30066666667 3775.54133333333 21939.2286666667 14231.3193333333 5088.371 3373.42066666667 9513.56966666667 8739.74866666667 1722.682 1923.63866666667 3031.55666666667 2873.10966666667
14148.2496666667 2416.19733333333 11601.805 11917.598 10583.9873333333 4148.403 24847.0333333333 24491.6963333333 6546.82933333333 3559.57033333333 11212.3083333333 11180.502 1533.73366666667 1107.54933333333 2501.03333333333 2578.57566666667
